{
 "cells": [
  {
   "cell_type": "code",
   "execution_count": 28,
   "id": "7e5494b5",
   "metadata": {},
   "outputs": [],
   "source": [
    "import pandas as pd\n",
    "import numpy as np \n",
    "import xgboost as xgb\n",
    "from sklearn.model_selection import train_test_split\n",
    "from sklearn.metrics import mean_squared_error as MSE\n",
    "from sklearn.metrics import mean_absolute_error as MAE\n",
    "from xgboost import plot_importance, plot_tree\n",
    "from sklearn.metrics import r2_score\n",
    "from sklearn.model_selection import GridSearchCV\n",
    "import matplotlib.pyplot as plt\n",
    "import seaborn as sns\n",
    "import pickle \n",
    "import shap"
   ]
  },
  {
   "cell_type": "code",
   "execution_count": 2,
   "id": "f73a40fb",
   "metadata": {},
   "outputs": [],
   "source": [
    "data = pd.read_csv('kc_house_data.csv')"
   ]
  },
  {
   "cell_type": "code",
   "execution_count": 3,
   "id": "c95a589d",
   "metadata": {},
   "outputs": [
    {
     "data": {
      "text/html": [
       "<div>\n",
       "<style scoped>\n",
       "    .dataframe tbody tr th:only-of-type {\n",
       "        vertical-align: middle;\n",
       "    }\n",
       "\n",
       "    .dataframe tbody tr th {\n",
       "        vertical-align: top;\n",
       "    }\n",
       "\n",
       "    .dataframe thead th {\n",
       "        text-align: right;\n",
       "    }\n",
       "</style>\n",
       "<table border=\"1\" class=\"dataframe\">\n",
       "  <thead>\n",
       "    <tr style=\"text-align: right;\">\n",
       "      <th></th>\n",
       "      <th>id</th>\n",
       "      <th>price</th>\n",
       "      <th>bedrooms</th>\n",
       "      <th>bathrooms</th>\n",
       "      <th>sqft_living</th>\n",
       "      <th>sqft_lot</th>\n",
       "      <th>floors</th>\n",
       "      <th>waterfront</th>\n",
       "      <th>view</th>\n",
       "      <th>condition</th>\n",
       "      <th>grade</th>\n",
       "      <th>sqft_above</th>\n",
       "      <th>sqft_basement</th>\n",
       "      <th>yr_built</th>\n",
       "      <th>yr_renovated</th>\n",
       "      <th>zipcode</th>\n",
       "      <th>lat</th>\n",
       "      <th>long</th>\n",
       "      <th>sqft_living15</th>\n",
       "      <th>sqft_lot15</th>\n",
       "    </tr>\n",
       "  </thead>\n",
       "  <tbody>\n",
       "    <tr>\n",
       "      <th>id</th>\n",
       "      <td>1.000000</td>\n",
       "      <td>-0.016762</td>\n",
       "      <td>0.001286</td>\n",
       "      <td>0.005160</td>\n",
       "      <td>-0.012258</td>\n",
       "      <td>-0.132109</td>\n",
       "      <td>0.018525</td>\n",
       "      <td>-0.002721</td>\n",
       "      <td>0.011592</td>\n",
       "      <td>-0.023783</td>\n",
       "      <td>0.008130</td>\n",
       "      <td>-0.010842</td>\n",
       "      <td>-0.005151</td>\n",
       "      <td>0.021380</td>\n",
       "      <td>-0.016907</td>\n",
       "      <td>-0.008224</td>\n",
       "      <td>-0.001891</td>\n",
       "      <td>0.020799</td>\n",
       "      <td>-0.002901</td>\n",
       "      <td>-0.138798</td>\n",
       "    </tr>\n",
       "    <tr>\n",
       "      <th>price</th>\n",
       "      <td>-0.016762</td>\n",
       "      <td>1.000000</td>\n",
       "      <td>0.308350</td>\n",
       "      <td>0.525138</td>\n",
       "      <td>0.702035</td>\n",
       "      <td>0.089661</td>\n",
       "      <td>0.256794</td>\n",
       "      <td>0.266369</td>\n",
       "      <td>0.397293</td>\n",
       "      <td>0.036362</td>\n",
       "      <td>0.667434</td>\n",
       "      <td>0.605567</td>\n",
       "      <td>0.323816</td>\n",
       "      <td>0.054012</td>\n",
       "      <td>0.126434</td>\n",
       "      <td>-0.053203</td>\n",
       "      <td>0.307003</td>\n",
       "      <td>0.021626</td>\n",
       "      <td>0.585379</td>\n",
       "      <td>0.082447</td>\n",
       "    </tr>\n",
       "    <tr>\n",
       "      <th>bedrooms</th>\n",
       "      <td>0.001286</td>\n",
       "      <td>0.308350</td>\n",
       "      <td>1.000000</td>\n",
       "      <td>0.515884</td>\n",
       "      <td>0.576671</td>\n",
       "      <td>0.031703</td>\n",
       "      <td>0.175429</td>\n",
       "      <td>-0.006582</td>\n",
       "      <td>0.079532</td>\n",
       "      <td>0.028472</td>\n",
       "      <td>0.356967</td>\n",
       "      <td>0.477600</td>\n",
       "      <td>0.303093</td>\n",
       "      <td>0.154178</td>\n",
       "      <td>0.018841</td>\n",
       "      <td>-0.152668</td>\n",
       "      <td>-0.008931</td>\n",
       "      <td>0.129473</td>\n",
       "      <td>0.391638</td>\n",
       "      <td>0.029244</td>\n",
       "    </tr>\n",
       "    <tr>\n",
       "      <th>bathrooms</th>\n",
       "      <td>0.005160</td>\n",
       "      <td>0.525138</td>\n",
       "      <td>0.515884</td>\n",
       "      <td>1.000000</td>\n",
       "      <td>0.754665</td>\n",
       "      <td>0.087740</td>\n",
       "      <td>0.500653</td>\n",
       "      <td>0.063744</td>\n",
       "      <td>0.187737</td>\n",
       "      <td>-0.124982</td>\n",
       "      <td>0.664983</td>\n",
       "      <td>0.685342</td>\n",
       "      <td>0.283770</td>\n",
       "      <td>0.506019</td>\n",
       "      <td>0.050739</td>\n",
       "      <td>-0.203866</td>\n",
       "      <td>0.024573</td>\n",
       "      <td>0.223042</td>\n",
       "      <td>0.568634</td>\n",
       "      <td>0.087175</td>\n",
       "    </tr>\n",
       "    <tr>\n",
       "      <th>sqft_living</th>\n",
       "      <td>-0.012258</td>\n",
       "      <td>0.702035</td>\n",
       "      <td>0.576671</td>\n",
       "      <td>0.754665</td>\n",
       "      <td>1.000000</td>\n",
       "      <td>0.172826</td>\n",
       "      <td>0.353949</td>\n",
       "      <td>0.103818</td>\n",
       "      <td>0.284611</td>\n",
       "      <td>-0.058753</td>\n",
       "      <td>0.762704</td>\n",
       "      <td>0.876597</td>\n",
       "      <td>0.435043</td>\n",
       "      <td>0.318049</td>\n",
       "      <td>0.055363</td>\n",
       "      <td>-0.199430</td>\n",
       "      <td>0.052529</td>\n",
       "      <td>0.240223</td>\n",
       "      <td>0.756420</td>\n",
       "      <td>0.183286</td>\n",
       "    </tr>\n",
       "    <tr>\n",
       "      <th>sqft_lot</th>\n",
       "      <td>-0.132109</td>\n",
       "      <td>0.089661</td>\n",
       "      <td>0.031703</td>\n",
       "      <td>0.087740</td>\n",
       "      <td>0.172826</td>\n",
       "      <td>1.000000</td>\n",
       "      <td>-0.005201</td>\n",
       "      <td>0.021604</td>\n",
       "      <td>0.074710</td>\n",
       "      <td>-0.008958</td>\n",
       "      <td>0.113621</td>\n",
       "      <td>0.183512</td>\n",
       "      <td>0.015286</td>\n",
       "      <td>0.053080</td>\n",
       "      <td>0.007644</td>\n",
       "      <td>-0.129574</td>\n",
       "      <td>-0.085683</td>\n",
       "      <td>0.229521</td>\n",
       "      <td>0.144608</td>\n",
       "      <td>0.718557</td>\n",
       "    </tr>\n",
       "    <tr>\n",
       "      <th>floors</th>\n",
       "      <td>0.018525</td>\n",
       "      <td>0.256794</td>\n",
       "      <td>0.175429</td>\n",
       "      <td>0.500653</td>\n",
       "      <td>0.353949</td>\n",
       "      <td>-0.005201</td>\n",
       "      <td>1.000000</td>\n",
       "      <td>0.023698</td>\n",
       "      <td>0.029444</td>\n",
       "      <td>-0.263768</td>\n",
       "      <td>0.458183</td>\n",
       "      <td>0.523885</td>\n",
       "      <td>-0.245705</td>\n",
       "      <td>0.489319</td>\n",
       "      <td>0.006338</td>\n",
       "      <td>-0.059121</td>\n",
       "      <td>0.049614</td>\n",
       "      <td>0.125419</td>\n",
       "      <td>0.279885</td>\n",
       "      <td>-0.011269</td>\n",
       "    </tr>\n",
       "    <tr>\n",
       "      <th>waterfront</th>\n",
       "      <td>-0.002721</td>\n",
       "      <td>0.266369</td>\n",
       "      <td>-0.006582</td>\n",
       "      <td>0.063744</td>\n",
       "      <td>0.103818</td>\n",
       "      <td>0.021604</td>\n",
       "      <td>0.023698</td>\n",
       "      <td>1.000000</td>\n",
       "      <td>0.401857</td>\n",
       "      <td>0.016653</td>\n",
       "      <td>0.082775</td>\n",
       "      <td>0.072075</td>\n",
       "      <td>0.080588</td>\n",
       "      <td>-0.026161</td>\n",
       "      <td>0.092885</td>\n",
       "      <td>0.030285</td>\n",
       "      <td>-0.014274</td>\n",
       "      <td>-0.041910</td>\n",
       "      <td>0.086463</td>\n",
       "      <td>0.030703</td>\n",
       "    </tr>\n",
       "    <tr>\n",
       "      <th>view</th>\n",
       "      <td>0.011592</td>\n",
       "      <td>0.397293</td>\n",
       "      <td>0.079532</td>\n",
       "      <td>0.187737</td>\n",
       "      <td>0.284611</td>\n",
       "      <td>0.074710</td>\n",
       "      <td>0.029444</td>\n",
       "      <td>0.401857</td>\n",
       "      <td>1.000000</td>\n",
       "      <td>0.045990</td>\n",
       "      <td>0.251321</td>\n",
       "      <td>0.167649</td>\n",
       "      <td>0.276947</td>\n",
       "      <td>-0.053440</td>\n",
       "      <td>0.103917</td>\n",
       "      <td>0.084827</td>\n",
       "      <td>0.006157</td>\n",
       "      <td>-0.078400</td>\n",
       "      <td>0.280439</td>\n",
       "      <td>0.072575</td>\n",
       "    </tr>\n",
       "    <tr>\n",
       "      <th>condition</th>\n",
       "      <td>-0.023783</td>\n",
       "      <td>0.036362</td>\n",
       "      <td>0.028472</td>\n",
       "      <td>-0.124982</td>\n",
       "      <td>-0.058753</td>\n",
       "      <td>-0.008958</td>\n",
       "      <td>-0.263768</td>\n",
       "      <td>0.016653</td>\n",
       "      <td>0.045990</td>\n",
       "      <td>1.000000</td>\n",
       "      <td>-0.144674</td>\n",
       "      <td>-0.158214</td>\n",
       "      <td>0.174105</td>\n",
       "      <td>-0.361417</td>\n",
       "      <td>-0.060618</td>\n",
       "      <td>0.003026</td>\n",
       "      <td>-0.014941</td>\n",
       "      <td>-0.106500</td>\n",
       "      <td>-0.092824</td>\n",
       "      <td>-0.003406</td>\n",
       "    </tr>\n",
       "    <tr>\n",
       "      <th>grade</th>\n",
       "      <td>0.008130</td>\n",
       "      <td>0.667434</td>\n",
       "      <td>0.356967</td>\n",
       "      <td>0.664983</td>\n",
       "      <td>0.762704</td>\n",
       "      <td>0.113621</td>\n",
       "      <td>0.458183</td>\n",
       "      <td>0.082775</td>\n",
       "      <td>0.251321</td>\n",
       "      <td>-0.144674</td>\n",
       "      <td>1.000000</td>\n",
       "      <td>0.755923</td>\n",
       "      <td>0.168392</td>\n",
       "      <td>0.446963</td>\n",
       "      <td>0.014414</td>\n",
       "      <td>-0.184862</td>\n",
       "      <td>0.114084</td>\n",
       "      <td>0.198372</td>\n",
       "      <td>0.713202</td>\n",
       "      <td>0.119248</td>\n",
       "    </tr>\n",
       "    <tr>\n",
       "      <th>sqft_above</th>\n",
       "      <td>-0.010842</td>\n",
       "      <td>0.605567</td>\n",
       "      <td>0.477600</td>\n",
       "      <td>0.685342</td>\n",
       "      <td>0.876597</td>\n",
       "      <td>0.183512</td>\n",
       "      <td>0.523885</td>\n",
       "      <td>0.072075</td>\n",
       "      <td>0.167649</td>\n",
       "      <td>-0.158214</td>\n",
       "      <td>0.755923</td>\n",
       "      <td>1.000000</td>\n",
       "      <td>-0.051943</td>\n",
       "      <td>0.423898</td>\n",
       "      <td>0.023285</td>\n",
       "      <td>-0.261190</td>\n",
       "      <td>-0.000816</td>\n",
       "      <td>0.343803</td>\n",
       "      <td>0.731870</td>\n",
       "      <td>0.194050</td>\n",
       "    </tr>\n",
       "    <tr>\n",
       "      <th>sqft_basement</th>\n",
       "      <td>-0.005151</td>\n",
       "      <td>0.323816</td>\n",
       "      <td>0.303093</td>\n",
       "      <td>0.283770</td>\n",
       "      <td>0.435043</td>\n",
       "      <td>0.015286</td>\n",
       "      <td>-0.245705</td>\n",
       "      <td>0.080588</td>\n",
       "      <td>0.276947</td>\n",
       "      <td>0.174105</td>\n",
       "      <td>0.168392</td>\n",
       "      <td>-0.051943</td>\n",
       "      <td>1.000000</td>\n",
       "      <td>-0.133124</td>\n",
       "      <td>0.071323</td>\n",
       "      <td>0.074845</td>\n",
       "      <td>0.110538</td>\n",
       "      <td>-0.144765</td>\n",
       "      <td>0.200355</td>\n",
       "      <td>0.017276</td>\n",
       "    </tr>\n",
       "    <tr>\n",
       "      <th>yr_built</th>\n",
       "      <td>0.021380</td>\n",
       "      <td>0.054012</td>\n",
       "      <td>0.154178</td>\n",
       "      <td>0.506019</td>\n",
       "      <td>0.318049</td>\n",
       "      <td>0.053080</td>\n",
       "      <td>0.489319</td>\n",
       "      <td>-0.026161</td>\n",
       "      <td>-0.053440</td>\n",
       "      <td>-0.361417</td>\n",
       "      <td>0.446963</td>\n",
       "      <td>0.423898</td>\n",
       "      <td>-0.133124</td>\n",
       "      <td>1.000000</td>\n",
       "      <td>-0.224874</td>\n",
       "      <td>-0.346869</td>\n",
       "      <td>-0.148122</td>\n",
       "      <td>0.409356</td>\n",
       "      <td>0.326229</td>\n",
       "      <td>0.070958</td>\n",
       "    </tr>\n",
       "    <tr>\n",
       "      <th>yr_renovated</th>\n",
       "      <td>-0.016907</td>\n",
       "      <td>0.126434</td>\n",
       "      <td>0.018841</td>\n",
       "      <td>0.050739</td>\n",
       "      <td>0.055363</td>\n",
       "      <td>0.007644</td>\n",
       "      <td>0.006338</td>\n",
       "      <td>0.092885</td>\n",
       "      <td>0.103917</td>\n",
       "      <td>-0.060618</td>\n",
       "      <td>0.014414</td>\n",
       "      <td>0.023285</td>\n",
       "      <td>0.071323</td>\n",
       "      <td>-0.224874</td>\n",
       "      <td>1.000000</td>\n",
       "      <td>0.064357</td>\n",
       "      <td>0.029398</td>\n",
       "      <td>-0.068372</td>\n",
       "      <td>-0.002673</td>\n",
       "      <td>0.007854</td>\n",
       "    </tr>\n",
       "    <tr>\n",
       "      <th>zipcode</th>\n",
       "      <td>-0.008224</td>\n",
       "      <td>-0.053203</td>\n",
       "      <td>-0.152668</td>\n",
       "      <td>-0.203866</td>\n",
       "      <td>-0.199430</td>\n",
       "      <td>-0.129574</td>\n",
       "      <td>-0.059121</td>\n",
       "      <td>0.030285</td>\n",
       "      <td>0.084827</td>\n",
       "      <td>0.003026</td>\n",
       "      <td>-0.184862</td>\n",
       "      <td>-0.261190</td>\n",
       "      <td>0.074845</td>\n",
       "      <td>-0.346869</td>\n",
       "      <td>0.064357</td>\n",
       "      <td>1.000000</td>\n",
       "      <td>0.267048</td>\n",
       "      <td>-0.564072</td>\n",
       "      <td>-0.279033</td>\n",
       "      <td>-0.147221</td>\n",
       "    </tr>\n",
       "    <tr>\n",
       "      <th>lat</th>\n",
       "      <td>-0.001891</td>\n",
       "      <td>0.307003</td>\n",
       "      <td>-0.008931</td>\n",
       "      <td>0.024573</td>\n",
       "      <td>0.052529</td>\n",
       "      <td>-0.085683</td>\n",
       "      <td>0.049614</td>\n",
       "      <td>-0.014274</td>\n",
       "      <td>0.006157</td>\n",
       "      <td>-0.014941</td>\n",
       "      <td>0.114084</td>\n",
       "      <td>-0.000816</td>\n",
       "      <td>0.110538</td>\n",
       "      <td>-0.148122</td>\n",
       "      <td>0.029398</td>\n",
       "      <td>0.267048</td>\n",
       "      <td>1.000000</td>\n",
       "      <td>-0.135512</td>\n",
       "      <td>0.048858</td>\n",
       "      <td>-0.086419</td>\n",
       "    </tr>\n",
       "    <tr>\n",
       "      <th>long</th>\n",
       "      <td>0.020799</td>\n",
       "      <td>0.021626</td>\n",
       "      <td>0.129473</td>\n",
       "      <td>0.223042</td>\n",
       "      <td>0.240223</td>\n",
       "      <td>0.229521</td>\n",
       "      <td>0.125419</td>\n",
       "      <td>-0.041910</td>\n",
       "      <td>-0.078400</td>\n",
       "      <td>-0.106500</td>\n",
       "      <td>0.198372</td>\n",
       "      <td>0.343803</td>\n",
       "      <td>-0.144765</td>\n",
       "      <td>0.409356</td>\n",
       "      <td>-0.068372</td>\n",
       "      <td>-0.564072</td>\n",
       "      <td>-0.135512</td>\n",
       "      <td>1.000000</td>\n",
       "      <td>0.334605</td>\n",
       "      <td>0.254451</td>\n",
       "    </tr>\n",
       "    <tr>\n",
       "      <th>sqft_living15</th>\n",
       "      <td>-0.002901</td>\n",
       "      <td>0.585379</td>\n",
       "      <td>0.391638</td>\n",
       "      <td>0.568634</td>\n",
       "      <td>0.756420</td>\n",
       "      <td>0.144608</td>\n",
       "      <td>0.279885</td>\n",
       "      <td>0.086463</td>\n",
       "      <td>0.280439</td>\n",
       "      <td>-0.092824</td>\n",
       "      <td>0.713202</td>\n",
       "      <td>0.731870</td>\n",
       "      <td>0.200355</td>\n",
       "      <td>0.326229</td>\n",
       "      <td>-0.002673</td>\n",
       "      <td>-0.279033</td>\n",
       "      <td>0.048858</td>\n",
       "      <td>0.334605</td>\n",
       "      <td>1.000000</td>\n",
       "      <td>0.183192</td>\n",
       "    </tr>\n",
       "    <tr>\n",
       "      <th>sqft_lot15</th>\n",
       "      <td>-0.138798</td>\n",
       "      <td>0.082447</td>\n",
       "      <td>0.029244</td>\n",
       "      <td>0.087175</td>\n",
       "      <td>0.183286</td>\n",
       "      <td>0.718557</td>\n",
       "      <td>-0.011269</td>\n",
       "      <td>0.030703</td>\n",
       "      <td>0.072575</td>\n",
       "      <td>-0.003406</td>\n",
       "      <td>0.119248</td>\n",
       "      <td>0.194050</td>\n",
       "      <td>0.017276</td>\n",
       "      <td>0.070958</td>\n",
       "      <td>0.007854</td>\n",
       "      <td>-0.147221</td>\n",
       "      <td>-0.086419</td>\n",
       "      <td>0.254451</td>\n",
       "      <td>0.183192</td>\n",
       "      <td>1.000000</td>\n",
       "    </tr>\n",
       "  </tbody>\n",
       "</table>\n",
       "</div>"
      ],
      "text/plain": [
       "                     id     price  bedrooms  bathrooms  sqft_living  sqft_lot  \\\n",
       "id             1.000000 -0.016762  0.001286   0.005160    -0.012258 -0.132109   \n",
       "price         -0.016762  1.000000  0.308350   0.525138     0.702035  0.089661   \n",
       "bedrooms       0.001286  0.308350  1.000000   0.515884     0.576671  0.031703   \n",
       "bathrooms      0.005160  0.525138  0.515884   1.000000     0.754665  0.087740   \n",
       "sqft_living   -0.012258  0.702035  0.576671   0.754665     1.000000  0.172826   \n",
       "sqft_lot      -0.132109  0.089661  0.031703   0.087740     0.172826  1.000000   \n",
       "floors         0.018525  0.256794  0.175429   0.500653     0.353949 -0.005201   \n",
       "waterfront    -0.002721  0.266369 -0.006582   0.063744     0.103818  0.021604   \n",
       "view           0.011592  0.397293  0.079532   0.187737     0.284611  0.074710   \n",
       "condition     -0.023783  0.036362  0.028472  -0.124982    -0.058753 -0.008958   \n",
       "grade          0.008130  0.667434  0.356967   0.664983     0.762704  0.113621   \n",
       "sqft_above    -0.010842  0.605567  0.477600   0.685342     0.876597  0.183512   \n",
       "sqft_basement -0.005151  0.323816  0.303093   0.283770     0.435043  0.015286   \n",
       "yr_built       0.021380  0.054012  0.154178   0.506019     0.318049  0.053080   \n",
       "yr_renovated  -0.016907  0.126434  0.018841   0.050739     0.055363  0.007644   \n",
       "zipcode       -0.008224 -0.053203 -0.152668  -0.203866    -0.199430 -0.129574   \n",
       "lat           -0.001891  0.307003 -0.008931   0.024573     0.052529 -0.085683   \n",
       "long           0.020799  0.021626  0.129473   0.223042     0.240223  0.229521   \n",
       "sqft_living15 -0.002901  0.585379  0.391638   0.568634     0.756420  0.144608   \n",
       "sqft_lot15    -0.138798  0.082447  0.029244   0.087175     0.183286  0.718557   \n",
       "\n",
       "                 floors  waterfront      view  condition     grade  \\\n",
       "id             0.018525   -0.002721  0.011592  -0.023783  0.008130   \n",
       "price          0.256794    0.266369  0.397293   0.036362  0.667434   \n",
       "bedrooms       0.175429   -0.006582  0.079532   0.028472  0.356967   \n",
       "bathrooms      0.500653    0.063744  0.187737  -0.124982  0.664983   \n",
       "sqft_living    0.353949    0.103818  0.284611  -0.058753  0.762704   \n",
       "sqft_lot      -0.005201    0.021604  0.074710  -0.008958  0.113621   \n",
       "floors         1.000000    0.023698  0.029444  -0.263768  0.458183   \n",
       "waterfront     0.023698    1.000000  0.401857   0.016653  0.082775   \n",
       "view           0.029444    0.401857  1.000000   0.045990  0.251321   \n",
       "condition     -0.263768    0.016653  0.045990   1.000000 -0.144674   \n",
       "grade          0.458183    0.082775  0.251321  -0.144674  1.000000   \n",
       "sqft_above     0.523885    0.072075  0.167649  -0.158214  0.755923   \n",
       "sqft_basement -0.245705    0.080588  0.276947   0.174105  0.168392   \n",
       "yr_built       0.489319   -0.026161 -0.053440  -0.361417  0.446963   \n",
       "yr_renovated   0.006338    0.092885  0.103917  -0.060618  0.014414   \n",
       "zipcode       -0.059121    0.030285  0.084827   0.003026 -0.184862   \n",
       "lat            0.049614   -0.014274  0.006157  -0.014941  0.114084   \n",
       "long           0.125419   -0.041910 -0.078400  -0.106500  0.198372   \n",
       "sqft_living15  0.279885    0.086463  0.280439  -0.092824  0.713202   \n",
       "sqft_lot15    -0.011269    0.030703  0.072575  -0.003406  0.119248   \n",
       "\n",
       "               sqft_above  sqft_basement  yr_built  yr_renovated   zipcode  \\\n",
       "id              -0.010842      -0.005151  0.021380     -0.016907 -0.008224   \n",
       "price            0.605567       0.323816  0.054012      0.126434 -0.053203   \n",
       "bedrooms         0.477600       0.303093  0.154178      0.018841 -0.152668   \n",
       "bathrooms        0.685342       0.283770  0.506019      0.050739 -0.203866   \n",
       "sqft_living      0.876597       0.435043  0.318049      0.055363 -0.199430   \n",
       "sqft_lot         0.183512       0.015286  0.053080      0.007644 -0.129574   \n",
       "floors           0.523885      -0.245705  0.489319      0.006338 -0.059121   \n",
       "waterfront       0.072075       0.080588 -0.026161      0.092885  0.030285   \n",
       "view             0.167649       0.276947 -0.053440      0.103917  0.084827   \n",
       "condition       -0.158214       0.174105 -0.361417     -0.060618  0.003026   \n",
       "grade            0.755923       0.168392  0.446963      0.014414 -0.184862   \n",
       "sqft_above       1.000000      -0.051943  0.423898      0.023285 -0.261190   \n",
       "sqft_basement   -0.051943       1.000000 -0.133124      0.071323  0.074845   \n",
       "yr_built         0.423898      -0.133124  1.000000     -0.224874 -0.346869   \n",
       "yr_renovated     0.023285       0.071323 -0.224874      1.000000  0.064357   \n",
       "zipcode         -0.261190       0.074845 -0.346869      0.064357  1.000000   \n",
       "lat             -0.000816       0.110538 -0.148122      0.029398  0.267048   \n",
       "long             0.343803      -0.144765  0.409356     -0.068372 -0.564072   \n",
       "sqft_living15    0.731870       0.200355  0.326229     -0.002673 -0.279033   \n",
       "sqft_lot15       0.194050       0.017276  0.070958      0.007854 -0.147221   \n",
       "\n",
       "                    lat      long  sqft_living15  sqft_lot15  \n",
       "id            -0.001891  0.020799      -0.002901   -0.138798  \n",
       "price          0.307003  0.021626       0.585379    0.082447  \n",
       "bedrooms      -0.008931  0.129473       0.391638    0.029244  \n",
       "bathrooms      0.024573  0.223042       0.568634    0.087175  \n",
       "sqft_living    0.052529  0.240223       0.756420    0.183286  \n",
       "sqft_lot      -0.085683  0.229521       0.144608    0.718557  \n",
       "floors         0.049614  0.125419       0.279885   -0.011269  \n",
       "waterfront    -0.014274 -0.041910       0.086463    0.030703  \n",
       "view           0.006157 -0.078400       0.280439    0.072575  \n",
       "condition     -0.014941 -0.106500      -0.092824   -0.003406  \n",
       "grade          0.114084  0.198372       0.713202    0.119248  \n",
       "sqft_above    -0.000816  0.343803       0.731870    0.194050  \n",
       "sqft_basement  0.110538 -0.144765       0.200355    0.017276  \n",
       "yr_built      -0.148122  0.409356       0.326229    0.070958  \n",
       "yr_renovated   0.029398 -0.068372      -0.002673    0.007854  \n",
       "zipcode        0.267048 -0.564072      -0.279033   -0.147221  \n",
       "lat            1.000000 -0.135512       0.048858   -0.086419  \n",
       "long          -0.135512  1.000000       0.334605    0.254451  \n",
       "sqft_living15  0.048858  0.334605       1.000000    0.183192  \n",
       "sqft_lot15    -0.086419  0.254451       0.183192    1.000000  "
      ]
     },
     "execution_count": 3,
     "metadata": {},
     "output_type": "execute_result"
    }
   ],
   "source": [
    "data.corr()"
   ]
  },
  {
   "cell_type": "code",
   "execution_count": 5,
   "id": "e57a29d2",
   "metadata": {},
   "outputs": [],
   "source": [
    "X = data.drop('price', axis=1)  \n",
    "y = data['sqft_living']"
   ]
  },
  {
   "cell_type": "code",
   "execution_count": 6,
   "id": "9a08e586",
   "metadata": {},
   "outputs": [],
   "source": [
    "X_train, X_test, y_train, y_test = train_test_split(X, y, test_size=0.2, random_state=42)  # Adjust the test_size and random_state as needed"
   ]
  },
  {
   "cell_type": "code",
   "execution_count": 16,
   "id": "32e1d852",
   "metadata": {},
   "outputs": [],
   "source": [
    "X_test = X_test.drop('date', axis=1)"
   ]
  },
  {
   "cell_type": "code",
   "execution_count": 10,
   "id": "814328bf",
   "metadata": {},
   "outputs": [
    {
     "data": {
      "text/plain": [
       "XGBRegressor(base_score=None, booster=None, callbacks=None,\n",
       "             colsample_bylevel=None, colsample_bynode=None,\n",
       "             colsample_bytree=None, early_stopping_rounds=None,\n",
       "             enable_categorical=False, eval_metric=None, feature_types=None,\n",
       "             gamma=None, gpu_id=None, grow_policy=None, importance_type=None,\n",
       "             interaction_constraints=None, learning_rate=None, max_bin=None,\n",
       "             max_cat_threshold=None, max_cat_to_onehot=None,\n",
       "             max_delta_step=None, max_depth=None, max_leaves=None,\n",
       "             min_child_weight=None, missing=nan, monotone_constraints=None,\n",
       "             n_estimators=1000, n_jobs=None, num_parallel_tree=None,\n",
       "             predictor=None, random_state=None, ...)"
      ]
     },
     "execution_count": 10,
     "metadata": {},
     "output_type": "execute_result"
    }
   ],
   "source": [
    "reg = xgb.XGBRegressor(objective='reg:squarederror', n_estimators=1000)  # Adjust the hyperparameters as needed\n",
    "reg.fit(X_train, y_train, verbose=True)"
   ]
  },
  {
   "cell_type": "code",
   "execution_count": 13,
   "id": "dc3fd776",
   "metadata": {},
   "outputs": [],
   "source": [
    "yhat = reg.predict(X_test)"
   ]
  },
  {
   "cell_type": "code",
   "execution_count": 17,
   "id": "344f0c45",
   "metadata": {},
   "outputs": [
    {
     "data": {
      "text/plain": [
       "735      2070\n",
       "2830     2900\n",
       "4106     3770\n",
       "16218    4560\n",
       "19964    2550\n",
       "         ... \n",
       "13674    1250\n",
       "20377    2830\n",
       "8805     2434\n",
       "10168    2250\n",
       "2522     2570\n",
       "Name: sqft_living, Length: 4323, dtype: int64"
      ]
     },
     "execution_count": 17,
     "metadata": {},
     "output_type": "execute_result"
    }
   ],
   "source": [
    "y_test"
   ]
  },
  {
   "cell_type": "code",
   "execution_count": 18,
   "id": "38e92c8d",
   "metadata": {},
   "outputs": [
    {
     "name": "stdout",
     "output_type": "stream",
     "text": [
      "RMSE :  27.486413\n"
     ]
    }
   ],
   "source": [
    "rmse = np.sqrt(MSE(y_test, yhat))\n",
    "print(\"RMSE : % f\" %(rmse))"
   ]
  },
  {
   "cell_type": "code",
   "execution_count": 19,
   "id": "734934c6",
   "metadata": {},
   "outputs": [
    {
     "data": {
      "text/plain": [
       "<matplotlib.legend.Legend at 0x195be2f9b20>"
      ]
     },
     "execution_count": 19,
     "metadata": {},
     "output_type": "execute_result"
    },
    {
     "data": {
